3DP Edition, 
9xx Soldiers sans frontiers Sigma 2, 
15FF, 
64MB DDR GeForce3 Ti 200, 
64MB GeForce2 MX with TV Out, 
128 DDR Radeon 9700 TX w/TV-Out, 
128 DDR Radeon 9800 Pro, 
128MB DDR Radeon 9800 Pro, 
128MB RADEON X600 SE, 
256MB DDR Radeon 9800 XT, 
256MB RADEON X600, 
7900 MOD - Radeon HD 6520G, 
7900 MOD - Radeon HD 6550D, 
A6 Micro-6500T Quad-Core APU with RadeonR4, 
A10-8700P, 
A16, 
ABIT Siluro T400, 
ALL-IN-WONDER 9000, 
ALL-IN-WONDER 9800, 
ALL-IN-WONDER RADEON 8500DV, 
ALL-IN-WONDER X800 GT, 
All-in-Wonder X1800XL, 
All-in-Wonder X1900, 
AMIGAMERLIN 3.1-R1 For Voodoo 4 4500 PCI, 
ASUS A7000, 
ASUS AGP-V3800PRO v31.40H, 
ASUS EAH4870x2, 
Asus GTX 650 FML II EC-EGPU, 
ASUS V9520-X V62.11, 
B8DKMDAP, 
Barco MXRT 1450, 
Barco MXRT 2600, 
Barco MXRT 5400, 
Barco MXRT 5450, 
Barco MXRT 5500, 
Barco MXRT 7100, 
Barco MXRT 7400, 
Barco MXRT 7500, 
Barco MXRT 7600, 
BASICDISPLAY, 
CARRIZO 9874, 
Citrix Indirect Display Adapter, 
CONNECT 3D RADEON X300, 
Custom GPU 0405, 
Dell 8100, 
Dell 8200, 
Diamond X1300-PCIE 256MB, 
EAH5450, 
EG PARK, 
EIZO Quadro MED-XN51LP, 
Embedded Radeon E9173, 
Extreme AX850 PRO, 
Familia Intel Q33 Express Chipset, 
Famille de jeu de puces Express Intel 946GZ, 
FireGL T2-128, 
FireGL V3100, 
FireGL V3200, 
FireGL V3300, 
FireGL V3350, 
FireGL V3400, 
FireGL V3600, 
FireGL V5100, 
FireGL V5200, 
FireGL V5600, 
FireGL V7100, 
FireGL V7200, 
FireGL V7300, 
FireGL V7350, 
FireGL V7600, 
FireGL V7700, 
FireGL V8600, 
FireGL V8650, 
FireGL X1, 
FireMV 2200 PCI, 
FireMV 2200 PCIe, 
FireMV 2250, 
FireMV 2260, 
FireMV 2400 PCIe, 
FireMV 2450, 
FirePro 3D V3700, 
FirePro 3D V3750, 
FirePro 3D V3800, 
FirePro 3D V4800, 
FirePro 3D V5700, 
FirePro 3D V5800, 
FirePro 3D V7750, 
FirePro 3D V7800, 
FirePro 3D V8700, 
FirePro 3D V8750, 
FirePro 3D V8800, 
FirePro 3D V9800, 
FirePro 2260, 
FirePro 2270, 
FirePro 2450, 
FirePro 2460, 
FirePro M2000, 
FirePro M4000, 
FirePro M4000 Mobility Pro, 
Firepro M4100, 
FirePro M4150, 
FirePro M4170, 
FirePro M5100, 
FirePro M5100 FireGL V, 
FirePro M5950, 
FirePro M6000, 
FirePro M6000 Mobility Pro, 
FirePro M6100, 
FirePro M6100 FireGL V, 
FirePro M7740, 
FirePro M40003, 
FirePro R5000, 
FirePro RG220, 
FirePro S7000, 
FirePro S7150, 
FirePro S9000, 
FirePro S9050, 
FirePro S10000, 
FirePro V3800, 
FirePro V3900, 
FirePro V4900, 
FirePro V5700, 
FirePro V5800, 
FirePro V5900, 
FirePro V7000, 
FirePro V7800, 
FirePro V7900, 
FirePro V8700, 
FirePro V8800, 
FirePro V9800, 
FirePro W600, 
FirePro W2100, 
FirePro W4100, 
FirePro W4170M, 
Firepro W4190M, 
FirePro W4300, 
FirePro W5000, 
FirePro W5100, 
FirePro W5130M, 
Firepro W5170M, 
FirePro W6150M, 
FirePro W7000, 
FirePro W7000 Adapter, 
FirePro W7100, 
FirePro W7170M, 
FirePro W8000, 
FirePro W8100, 
FirePro W9000, 
FirePro W9100, 
FireStream 9170, 
FireStream 9250, 
FireStream 9270, 
FireStream 9370, 
GeCube RADEON 7000, 
GeForce2 Go, 
GeForce2 GTS/GeForce2 Pro, 
GeForce2 Integrated GPU, 
GeForce2 MX, 
GeForce2 MX 100/200, 
GeForce2 MX with DVI-D and TV-out, 
GeForce2 MX/MX 400, 
GeForce2 Ti, 
GeForce2 Ultra, 
GeForce3, 
GeForce3 Ti 200, 
GeForce3 Ti 500, 
GeForce4 420 Go, 
GeForce4 420 Go 32M, 
GeForce4 440, 
GeForce4 440 Go, 
GeForce4 440 Go 64M, 
GeForce4 448 Go, 
GeForce4 4200 Go, 
GeForce4 MX 420, 
GeForce4 MX 440, 
GeForce4 MX 440 with AGP8X, 
GeForce4 MX 440SE, 
GeForce4 MX 460, 
GeForce4 MX 4000, 
GeForce4 MX Integrated GPU, 
GeForce4 Ti 4200, 
GeForce4 Ti 4400, 
GeForce4 Ti 4600, 
GeForce4 Ti 4800, 
GeForce4 Ti 4800 SE, 
GeForce9400M, 
GeForce 205, 
GeForce 210, 
GeForce 240M GT, 
GeForce 256, 
GeForce 305M, 
GeForce 310, 
GeForce 310M, 
GeForce 315, 
GeForce 315M, 
GeForce 320M, 
GeForce 405, 
GeForce 410M, 
GeForce 505, 
GeForce 510, 
GeForce 605, 
GeForce 610M, 
GeForce 615, 
GeForce 705M, 
GeForce 710A, 
GeForce 710M, 
GeForce 720A, 
GeForce 730A, 
GeForce 770M, 
GeForce 800A, 
GeForce 800M, 
GeForce 810A, 
GeForce 810M, 
GeForce 820A, 
GeForce 820M, 
GeForce 825M, 
GeForce 830A, 
GeForce 830M, 
GeForce 840A, 
GeForce 840M, 
GeForce 845M, 
GeForce 910M, 
GeForce 920A, 
GeForce 920M, 
GeForce 920MX, 
GeForce 930A, 
GeForce 930M, 
GeForce 930MX, 
GeForce 940A, 
GeForce 940M, 
GeForce 940MX, 
GeForce 945A, 
GeForce 945M, 
GeForce 999 GTX, 
GeForce 6100, 
GeForce 6100 nForce 400, 
GeForce 6100 nForce 405, 
GeForce 6100 nForce 420, 
GeForce 6100 nForce 430, 
GeForce 6150, 
GeForce 6150 LE, 
GeForce 6150SE, 
GeForce 6150SE nForce 430, 
GeForce 6200, 
GeForce 6200 A-LE, 
GeForce 6200 LE, 
GeForce 6200 TurboCache, 
GeForce 6200A, 
GeForce 6200SE TurboCache, 
GeForce 6500, 
GeForce 6600, 
GeForce 6600 GT, 
GeForce 6600 LE, 
GeForce 6610 XL, 
GeForce 6700 XL, 
GeForce 6800, 
GeForce 6800 GS, 
GeForce 6800 GS/XT, 
GeForce 6800 GT, 
GeForce 6800 LE, 
GeForce 6800 Ultra, 
GeForce 6800 XE, 
GeForce 6800 XT, 
GeForce 7000M, 
GeForce 7000M / nForce 610M, 
GeForce 7025 / nForce 630a, 
GeForce 7050 / nForce 610i, 
GeForce 7050 / nForce 620i, 
GeForce 7050 / nForce 630i, 
GeForce 7050 PV / nForce 630a, 
GeForce 7100 / nForce 620i, 
GeForce 7100 / nForce 630i, 
GeForce 7100 GS, 
GeForce 7150 / nForce 630i, 
GeForce 7150M / nForce 630M, 
GeForce 7200 GS, 
GeForce 7300 GS, 
GeForce 7300 GT, 
GeForce 7300 LE, 
GeForce 7300 SE, 
GeForce 7300 SE/7200 GS, 
GeForce 7350 LE, 
GeForce 7500 LE, 
GeForce 7600 GS, 
GeForce 7600 GT, 
GeForce 7650 GS, 
GeForce 7800 GS, 
GeForce 7800 GT, 
GeForce 7800 GTX, 
GeForce 7900 GS, 
GeForce 7900 GT, 
GeForce 7900 GT/GTO, 
GeForce 7900 GTX, 
GeForce 7950 GT, 
GeForce 7950 GX2, 
GeForce 7950 Xtreme, 
GeForce 8100 / nForce 720a, 
GeForce 8200, 
GeForce 8200M G, 
GeForce 8300, 
GeForce 8300 GS, 
GeForce 8400, 
GeForce 8400 GS, 
GeForce 8400 SE, 
GeForce 8400M G, 
GeForce 8400M GS, 
GeForce 8400M GT, 
GeForce 8500 GT, 
GeForce 8600 GS, 
GeForce 8600 GT, 
GeForce 8600 GTS, 
GeForce 8600M GS, 
GeForce 8600M GT, 
GeForce 8700M GT, 
GeForce 8800 GS, 
GeForce 8800 GT, 
GeForce 8800 GTS, 
GeForce 8800 GTS 512, 
GeForce 8800 GTX, 
GeForce 8800 Ultra, 
GeForce 8800M GTS, 
GeForce 8800M GTX, 
GeForce 9100, 
GeForce 9100M G, 
GeForce 9200, 
GeForce 9200M GE, 
GeForce 9200M GS, 
GeForce 9300, 
GeForce 9300 / nForce 730i, 
GeForce 9300 GE, 
GeForce 9300 GS, 
GeForce 9300 SE, 
GeForce 9300GE, 
GeForce 9300M G, 
GeForce 9300M GS, 
GeForce 9400, 
GeForce 9400 GT, 
GeForce 9400M, 
GeForce 9400M G, 
GeForce 9450, 
GeForce 9500 GS, 
GeForce 9500 GT, 
GeForce 9500M, 
GeForce 9500M G, 
GeForce 9500M GS, 
GeForce 9600 GS, 
GeForce 9600 GSO, 
GeForce 9600 GSO 512, 
GeForce 9600 GT, 
GeForce 9600M GS, 
GeForce 9600M GT, 
GeForce 9600M GT / GeForce GT 220M, 
GeForce 9650M GS, 
GeForce 9650M GT, 
GeForce 9700M GT, 
GeForce 9700M GTS, 
GeForce 9800 GT, 
GeForce 9800 GT 1024MB, 
GeForce 9800 GTX, 
GeForce 9800 GTX+, 
GeForce 9800 GTX/9800 GTX+, 
GeForce 9800 GX2, 
GeForce 9800 S, 
GeForce 9800M GS, 
GeForce 9800M GT, 
GeForce 9800M GTS, 
GeForce 9800M GTX, 
GeForce FX 5100, 
GeForce FX 5200, 
GeForce FX 5200 Ultra, 
GeForce FX 5200LE, 
GeForce FX 5200SE, 
GeForce FX 5500, 
GeForce FX 5600, 
GeForce FX 5600 Ultra, 
GeForce FX 5600XT, 
GeForce FX 5700, 
GeForce FX 5700 Ultra, 
GeForce FX 5700LE, 
GeForce FX 5700VE, 
GeForce FX 5900, 
GeForce FX 5900 Ultra, 
GeForce FX 5900XT, 
GeForce FX 5900ZT, 
GeForce FX 5950 Ultra, 
GeForce FX Go5300, 
GeForce FX Go5650, 
GeForce FX Go5700, 
GeForce FX Go 5200, 
GeForce FX Go 5600, 
GeForce G100, 
GeForce G102M, 
GeForce G105M, 
GeForce G200, 
GeForce G205M, 
GeForce G210, 
GeForce G210M, 
GeForce G 103M, 
GeForce G 105M, 
GeForce Go 6100, 
GeForce Go 6150, 
GeForce Go 6200, 
GeForce Go 6400, 
GeForce Go 6600, 
GeForce Go 6600 TE/6200 TE, 
GeForce Go 6800, 
GeForce Go 6800 Ultra, 
GeForce Go 7200, 
GeForce Go 7300, 
GeForce Go 7400, 
GeForce Go 7600, 
GeForce Go 7600 GT, 
GeForce Go 7700, 
GeForce Go 7800, 
GeForce Go 7800 GTX, 
GeForce Go 7900 GS, 
GeForce Go 7900 GTX, 
GeForce Go 7950 GTX, 
GeForce GPU, 
GeForce GT625M, 
GeForce GT 120, 
GeForce GT 120 / 9500 GT, 
GeForce GT 120M, 
GeForce GT 130, 
GeForce GT 130M, 
GeForce GT 140, 
GeForce GT 220, 
GeForce GT 220M, 
GeForce GT 230, 
GeForce GT 230M, 
GeForce GT 240, 
GeForce GT 240M, 
GeForce GT 320, 
GeForce GT 320M, 
GeForce GT 325M, 
GeForce GT 330, 
GeForce GT 330M, 
GeForce GT 335M, 
GeForce GT 340, 
GeForce GT 415, 
GeForce GT 415M, 
GeForce GT 420, 
GeForce GT 420M, 
GeForce GT 425M, 
GeForce GT 430, 
GeForce GT 435M, 
GeForce GT 440, 
GeForce GT 445M, 
GeForce GT 520, 
GeForce GT 520M, 
GeForce GT 520MX, 
GeForce GT 525M, 
GeForce GT 530, 
GeForce GT 540M, 
GeForce GT 545, 
GeForce GT 550M, 
GeForce GT 555M, 
GeForce GT 610, 
GeForce GT 610M / GT 620M / GT 710M / GT 720M / GT, 
GeForce GT 620, 
GeForce GT 620M, 
GeForce GT 625, 
GeForce GT 625M, 
GeForce GT 630, 
GeForce GT 630M, 
GeForce GT 635, 
GeForce GT 635M, 
GeForce GT 640, 
GeForce GT 640M, 
GeForce GT 640M LE, 
GeForce GT 645, 
GeForce GT 645M, 
GeForce GT 650M, 
GeForce GT 705, 
GeForce GT 710, 
GeForce GT 710M, 
GeForce GT 720, 
GeForce GT 720A, 
GeForce GT 720M, 
GeForce GT 730, 
GeForce GT 730A, 
GeForce GT 730M, 
GeForce GT 735M, 
GeForce GT 740, 
GeForce GT 740A, 
GeForce GT 740M, 
GeForce GT 745A, 
GeForce GT 745M, 
GeForce GT 750M, 
GeForce GT 755M, 
GeForce GT 820M, 
GeForce GT 1030, 
GeForce GTS 150M, 
GeForce GTS 160M, 
GeForce GTS 240, 
GeForce GTS 250, 
GeForce GTS 250M, 
GeForce GTS 350M, 
GeForce GTS 360M, 
GeForce GTS 450, 
GeForce GTX 260, 
GeForce GTX 260M, 
GeForce GTX 275, 
GeForce GTX 280, 
GeForce GTX 280M, 
GeForce GTX 285, 
GeForce GTX 285M, 
GeForce GTX 295, 
GeForce GTX 460, 
GeForce GTX 460 SE, 
GeForce GTX 460 v2, 
GeForce GTX 460M, 
GeForce GTX 465, 
GeForce GTX 470, 
GeForce GTX 470M, 
GeForce GTX 480, 
GeForce GTX 480M, 
GeForce GTX 485M, 
GeForce GTX 550 Ti, 
GeForce GTX 555, 
GeForce GTX 560, 
GeForce GTX 560 SE, 
GeForce GTX 560 Ti, 
GeForce GTX 560M, 
GeForce GTX 570, 
GeForce GTX 570M, 
GeForce GTX 580, 
GeForce GTX 580M, 
GeForce GTX 590, 
GeForce GTX 645, 
GeForce GTX 650, 
GeForce GTX 650 Ti, 
GeForce GTX 650 Ti BOOST, 
GeForce GTX 660, 
GeForce GTX 660 Ti, 
GeForce GTX 660M, 
GeForce GTX 670, 
GeForce GTX 670M, 
GeForce GTX 670MX, 
GeForce GTX 675M, 
GeForce GTX 675MX, 
GeForce GTX 680, 
GeForce GTX 680M, 
GeForce GTX 680M KY_Bullet Edition, 
GeForce GTX 680MX, 
GeForce GTX 690, 
GeForce GTX 745, 
GeForce GTX 750, 
GeForce GTX 750 Ti, 
GeForce GTX 760, 
GeForce GTX 760 Ti, 
GeForce GTX 760 Ti OEM, 
GeForce GTX 760A, 
GeForce GTX 760M, 
GeForce GTX 765M, 
GeForce GTX 770, 
GeForce GTX 770M, 
GeForce GTX 775M, 
GeForce GTX 780, 
GeForce GTX 780 Ti, 
GeForce GTX 780M, 
GeForce GTX 850A, 
GeForce GTX 850M, 
GeForce GTX 850M - MODDED, 
GeForce GTX 860M, 
GeForce GTX 870M, 
GeForce GTX 880M, 
GeForce GTX 950, 
GeForce GTX 950A, 
GeForce GTX 950M, 
GeForce GTX 960, 
GeForce GTX 960A, 
GeForce GTX 960M, 
GeForce GTX 965M, 
GeForce GTX 970, 
GeForce GTX 970M, 
GeForce GTX 970XM FORCE, 
GeForce GTX 980, 
GeForce GTX 980 Ti, 
GeForce GTX 980M, 
GeForce GTX 1050, 
GeForce GTX 1050 (Mobile), 
GeForce GTX 1050 Ti, 
GeForce GTX 1050 Ti (Mobile), 
GeForce GTX 1050 Ti with Max-Q Design, 
GeForce GTX 1050 with Max-Q Design, 
GeForce GTX 1060, 
GeForce GTX 1060 3GB, 
GeForce GTX 1060 5GB, 
GeForce GTX 1060 (Mobile), 
GeForce GTX 1060 with Max-Q Design, 
GeForce GTX 1070, 
GeForce GTX 1070 (Mobile), 
GeForce GTX 1070 Ti, 
GeForce GTX 1070 with Max-Q Design, 
GeForce GTX 1080, 
GeForce GTX 1080 Ti, 
GeForce GTX 1080 with Max-Q Design, 
GeForce GTX 1650, 
GeForce GTX 1650 (Mobile), 
GeForce GTX 1650 SUPER, 
GeForce GTX 1650 Ti, 
GeForce GTX 1650 with Max-Q Design, 
GeForce GTX 1660, 
GeForce GTX 1660 SUPER, 
GeForce GTX 1660 Ti, 
GeForce GTX 1660 Ti (Mobile), 
GeForce GTX 1660 Ti with Max-Q Design, 
GeForce GTX Titan, 
GeForce GTX TITAN Black, 
GeForce GTX TITAN X, 
GeForce GTX TITAN Z, 
GeForce MX110, 
GeForce MX130, 
GeForce MX150, 
GeForce MX230, 
GeForce MX250, 
GeForce MX330, 
GeForce MX350, 
GeForce MX450, 
GeForce MX550, 
GeForce PCX 5300, 
GeForce PCX 5750, 
GeForce PCX 5900, 
GeForce RTX 2050, 
GeForce RTX 2060, 
GeForce RTX 2060 (Mobile), 
GeForce RTX 2060 SUPER, 
GeForce RTX 2070, 
GeForce RTX 2070 (Mobile), 
GeForce RTX 2070 SUPER, 
GeForce RTX 2070 with Max-Q Design, 
GeForce RTX 2080, 
GeForce RTX 2080 (Mobile), 
GeForce RTX 2080 SUPER, 
GeForce RTX 2080 Ti, 
GeForce RTX 2080 with Max-Q Design, 
GeForce RTX 3050, 
GeForce RTX 3050 Laptop GPU, 
GeForce RTX 3050 Ti Laptop GPU, 
GeForce RTX 3060, 
GeForce RTX 3060 Laptop GPU, 
GeForce RTX 3060 Ti, 
GeForce RTX 3070, 
GeForce RTX 3070 Laptop GPU, 
GeForce RTX 3070 Ti, 
GeForce RTX 3070 Ti Laptop GPU, 
GeForce RTX 3080, 
GeForce RTX 3080 Laptop GPU, 
GeForce RTX 3080 Ti, 
GeForce RTX 3080 Ti Laptop GPU, 
GeForce RTX 3090, 
GeForce RTX 3090 Ti, 
GF117, 
GIGABYTE RADEON 9600 PRO, 
Gigabyte RADEON X300, 
GRID K1, 
GRID K2, 
GRID K120Q, 
GRID K140Q, 
GRID K160Q, 
GRID K180Q, 
GRID K220Q, 
GRID K240Q, 
GRID K260Q, 
GRID K280Q, 
GRID K520, 
GRID M6-0B, 
GRID M6-1Q, 
GRID M6-8Q, 
GRID M10-0Q, 
GRID M10-1B, 
GRID M10-1Q, 
GRID M10-2B, 
GRID M10-4Q, 
GRID M10-8Q, 
GRID M60-0B, 
GRID M60-0Q, 
GRID M60-1B, 
GRID M60-1Q, 
GRID M60-2Q, 
GRID M60-4Q, 
GRID M60-8A, 
GRID M60-8Q, 
GRID P6-2Q, 
GRID P6-4Q, 
GRID P40-2B, 
GRID P40-2Q, 
GRID P40-3Q, 
GRID P40-4Q, 
GRID P40-24Q, 
GRID P100-1B, 
GRID P100-8Q, 
GRID P100-16Q, 
GRID V100-8Q, 
GRID V100D-8Q, 
GT 430, 
HD6450, 
HIS DIGITAL HD 4650 AGP, 
IGP 340M, 
IncrediblE HD, 
IncrediblE HD 3000, 
IncrediblE HD 4000, 
IncrediblE HD 4600, 
Intel 2nd Generation SandyBridge HD, 
Intel 2nd Generation SandyBridge HD 3000, 
Intel 4th Generation Haswell HD, 
Intel 865 Embedded Controller, 
Intel 915G,910G Express, 
Intel 915G/915GV/910GL Embedded Controller Functio, 
Intel 945G Embedded Chipset Function 0, 
Intel 946GZ Embedded Chipset Function 0, 
Intel 946GZ Express, 
Intel 82845G Controller, 
Intel 82845G/GL Controller, 
Intel 82845G/GL/GE/PE/GV Controller, 
Intel 82852/82855 GM/GME Controller, 
Intel 82865G Controller, 
Intel 82915G Express, 
Intel 82915G/915GV/910GL, 
Intel 82915G/GV/910GL Advanced v3.5, 
Intel 82915G/GV/910GL Express, 
Intel 82945G Express, 
Intel 82945G Express-Chipsatzfamilie, 
Intel - Express Chipset G41, 
Intel - Express Chipset Q45/Q43, 
Intel B43 Express Chipset, 
Intel Coffee Lake UHD, 
Intel Extreme Controller, 
Intel G33/G31 Express, 
Intel G35 Express, 
Intel G41 Express Chipset, 
Intel G41 Express-Chipsatz, 
Intel G45/G43 Express Chipset, 
Intel G45/G43/G41 Express Chipset, 
Intel G965 Express, 
Intel GMA 3150 Express, 
Intel Haswell HD - GT1, 
Intel Haswell HD - GT2, 
Intel HD 500, 
Intel HD 505, 
Intel HD 510, 
Intel HD 515, 
Intel HD 520, 
Intel HD 530, 
Intel HD 610, 
Intel HD 615, 
Intel HD 630, 
Intel HD 2000, 
Intel HD 3000, 
Intel HD 4000, 
Intel HD 4400, 
Intel HD 4600, 
Intel HD 5000, 
Intel HD 5200, 
Intel HD 5300, 
Intel HD 5500, 
Intel HD 5600, 
Intel HD 6000, 
Intel HD Family, 
Intel HD Graphics 620, 
Intel HD manual-15.28-1861, 
Intel HD manual-gen9_2015-133271, 
Intel HD Modded, 
Intel HD P530, 
Intel HD P630, 
Intel HD P3000, 
Intel HD P4000, 
Intel HD P4600, 
Intel HD P4600/P4700, 
Intel Infoshock HD, 
Intel Iris 540, 
Intel Iris 550, 
Intel Iris 650, 
Intel Iris 5100, 
Intel Iris 6100, 
Intel Iris Plus, 
Intel Iris Plus 640, 
Intel Iris Plus 645, 
Intel Iris Plus 650, 
Intel Iris Plus 655, 
Intel Iris Pro 580, 
Intel Iris Pro 5200, 
Intel Iris Pro 6100, 
Intel Iris Pro Graphics 6200, 
Intel Iris Pro P580, 
Intel Iris Pro P6300, 
Intel Iris Xe, 
Intel Iris Xe MAX, 
Intel Media Accelerator, 
Intel Media Accelerator 500, 
Intel Media Accelerator 600, 
Intel Media Accelerator 3150, 
Intel Media Accelerator HD, 
Intel Poison Ivy, 
Intel Q33 Express, 
Intel Q35 Embedded, 
Intel Q35 Express, 
Intel Q45/Q43 Express Chipset, 
Intel Q45/Q43 Express-Chipsatz, 
Intel Q965/Q963 Express, 
Intel Skylake HD DT GT2, 
Intel UHD, 
Intel UHD 600, 
Intel UHD 605, 
Intel UHD 610, 
Intel UHD 615, 
Intel UHD 617, 
Intel UHD 620, 
Intel UHD 630, 
Intel UHD 710, 
Intel UHD 730, 
Intel UHD 750, 
Intel UHD 770, 
Intel UHD Graphics 620, 
Intel UHD P630, 
Intel UHD P750, 
Intel UHD ReleaseInternal, 
Intel US15 Embedded Media and Controller, 
ION, 
ION LE, 
KV SPECTRE LITE MOBILE 25W, 
LMIMIRR, 
M71-M, 
M76M, 
M860G with Mobility Radeon 4100, 
M880G with Mobility Radeon HD 4200, 
M880G with Mobility Radeon HD 4225, 
M880G with Mobility Radeon HD 4250, 
Master X3100 Driver, 
Matrox C420 LP PCIe x16, 
Matrox C680 PCIe x16, 
Matrox C900 PCIe x16, 
Matrox G200e WDDM 1.2, 
Matrox G200e WDDM 2.0, 
Matrox G200eh, 
Matrox G200eh WDDM 1.2, 
Matrox G200eh WDDM 2.0, 
Matrox G200eR, 
Matrox G200eR WDDM 1.2, 
Matrox G200eR WDDM 2.0, 
Matrox G200eW, 
Matrox G200eW3 WDDM 2.0, 
Matrox G200eW WDDM 1.2, 
Matrox M9120 PCIe x16, 
Matrox M9120 Plus LP PCIe x16, 
Matrox M9125 PCIe x16, 
Matrox M9128 LP PCIe x16, 
Matrox M9138 LP PCIe x16, 
Matrox M9140 LP PCIe x16, 
Matrox M9148 LP PCIe x16, 
Matrox Millennium P650 PCIe 128, 
Matrox Millennium P690 PCIe x16, 
Matrox Millennium P690 Plus LP PCIe x16, 
Matrox Parhelia 128MB, 
Matrox Parhelia 256MB, 
Matrox Parhelia APVe, 
MCT USB3.0 External Device, 
MEDION RADEON 9800 XXL, 
MEDION RADEON X740XL, 
Miracast display port driver V3, 
MIRRORV3, 
Mobile Intel965 Express, 
Mobile Intel 4 Express-Chipsatzfamilie, 
Mobile Intel 45 Express, 
Mobile Intel 45 Express-Chipsatzfamilie, 
Mobile Intel 915GM/GMS/910GML Express, 
Mobile Intel 945 Express, 
Mobile Intel 945GM Express, 
Mobile Intel 945GM/GU Express, 
Mobile Intel 965 Express, 
Mobile Intel 965 Express - BR-0907-0461 v1839, 
Mobile Intel 965 Express-Chipsatzfamilie, 
Mobile Intel - famiglia Express Chipset 45, 
Mobile Intel HD, 
Mobile Intel serie 4 Express, 
MOBILITY FIREGL 7800, 
MOBILITY FIREGL T2, 
MOBILITY FIREGL T2/T2e, 
MOBILITY FireGL V3200, 
MOBILITY FireGL V5000, 
MOBILITY FireGL V5200, 
MOBILITY FireGL V5250, 
Mobility FireGL V5725, 
MOBILITY IGP 9000/9100, 
Mobility Radeon 4100, 
MOBILITY RADEON 7000 IGP, 
MOBILITY RADEON 7500, 
MOBILITY RADEON 9000, 
MOBILITY RADEON 9000 IGP, 
MOBILITY RADEON 9000/9100 IGP, 
MOBILITY RADEON 9100 IGP, 
MOBILITY RADEON 9200, 
MOBILITY RADEON 9550, 
MOBILITY RADEON 9600, 
MOBILITY RADEON 9600 PRO TURBO, 
MOBILITY RADEON 9600/9700, 
MOBILITY RADEON 9700, 
MOBILITY RADEON 9800, 
Mobility Radeon HD 530v, 
Mobility Radeon HD 540v, 
Mobility Radeon HD 545v, 
Mobility Radeon HD 550v, 
Mobility Radeon HD 560v, 
Mobility Radeon HD 565v, 
Mobility Radeon HD 2300, 
Mobility Radeon HD 2400, 
Mobility Radeon HD 2400 XT, 
Mobility Radeon HD 2600, 
Mobility Radeon HD 2600 XT, 
Mobility Radeon HD 3400 Serisi, 
Mobility Radeon HD 3410, 
Mobility Radeon HD 3430, 
Mobility Radeon HD 3450, 
Mobility Radeon HD 3470, 
Mobility Radeon HD 3470 Hybrid X2, 
Mobility Radeon HD 3650, 
Mobility Radeon HD 3670, 
Mobility Radeon HD 3850, 
Mobility Radeon HD 3870, 
Mobility Radeon HD 3870 X2, 
Mobility Radeon HD 4200, 
Mobility Radeon HD 4225, 
Mobility Radeon HD 4250, 
Mobility Radeon HD 4270, 
Mobility Radeon HD 4300 Serisi, 
Mobility Radeon HD 4330, 
Mobility Radeon HD 4350, 
Mobility Radeon HD 4550, 
Mobility Radeon HD 4570, 
Mobility Radeon HD 4650, 
Mobility Radeon HD 4670, 
Mobility Radeon HD 4830, 
Mobility Radeon HD 4850, 
Mobility Radeon HD 4870, 
Mobility Radeon HD 5000, 
Mobility Radeon HD 5000 Serisi, 
Mobility Radeon HD 5165, 
Mobility Radeon HD 5430, 
Mobility Radeon HD 5450, 
Mobility Radeon HD 5470, 
Mobility Radeon HD 5570, 
Mobility Radeon HD 5650, 
Mobility Radeon HD 5730, 
Mobility Radeon HD 5850, 
Mobility Radeon HD 5870, 
Mobility Radeon HD serie 4200, 
MOBILITY RADEON X300, 
MOBILITY RADEON X600, 
MOBILITY RADEON X600 SE, 
MOBILITY RADEON X700, 
MOBILITY RADEON X700 XL, 
Mobility Radeon X1300, 
Mobility Radeon X1350, 
Mobility Radeon X1400, 
Mobility Radeon X1450, 
Mobility Radeon X1600, 
Mobility Radeon X1700, 
MOBILITY RADEON X1800, 
Mobility Radeon X1900, 
Mobility Radeon X2300, 
Mobility Radeon X2300 HD, 
Mobility Radeon X2500, 
MOBILITY RADEON XPRESS 200, 
Mobility Radeon. HD 5470, 
MOBILITY/RADEON 9000, 
MONSTER GeForce GTX 675M, 
MxGPU, 
N16P-GX, 
N18E-Q1, 
nForce 750a SLI, 
nForce 760i SLI, 
nForce 780a SLI, 
nForce 980a/780a SLI, 
NV44, 
NVIDIA TITAN X, 
NVIDIA TITAN Xp, 
NVS 300, 
NVS 310, 
NVS 315, 
NVS 510, 
NVS 810, 
NVS 2100M, 
NVS 3100M, 
NVS 4200M, 
NVS 5100M, 
NVS 5200M, 
NVS 5400M, 
OPAL XT/GL, 
OpenXT Display Driver, 
P106-100, 
PHDGD Ivy 4, 
PHDGD Ivy 5, 
PHDGD Quantic C3, 
PHDGD Sapphire GR for Mobile Intel 965, 
PHDGD Solo 1.2.0 x86, 
PHDGD Solo 2 x64, 
Professional HD Driver, 
Q12U-1, 
Quadro2 MXR/EX, 
Quadro2 Pro, 
Quadro4 380 XGL, 
Quadro4 900 XGL, 
Quadro4 980 XGL, 
Quadro 280 NVS PCIe, 
Quadro 400, 
Quadro 410, 
Quadro 500M, 
Quadro 600, 
Quadro 1000M, 
Quadro 1100M, 
Quadro 2000, 
Quadro 2000 D, 
Quadro 2000D, 
Quadro 2000M, 
Quadro 2100M, 
Quadro 3000M, 
Quadro 4000, 
Quadro 4000M, 
Quadro 5000, 
Quadro 5000M, 
Quadro 5010M, 
Quadro 6000, 
Quadro 7000, 
Quadro CX, 
Quadro FX 350, 
Quadro FX 350M, 
Quadro FX 360M, 
Quadro FX 370, 
Quadro FX 370 Low Profile, 
Quadro FX 370 LP, 
Quadro FX 370M, 
Quadro FX 380, 
Quadro FX 380 LP, 
Quadro FX 380M, 
Quadro FX 500/600 PCI, 
Quadro FX 500/FX 600, 
Quadro FX 540, 
Quadro FX 550, 
Quadro FX 560, 
Quadro FX 570, 
Quadro FX 570M, 
Quadro FX 580, 
Quadro FX 770M, 
Quadro FX 880M, 
Quadro FX 1000, 
Quadro FX 1100, 
Quadro FX 1300, 
Quadro FX 1400, 
Quadro FX 1500, 
Quadro FX 1500M, 
Quadro FX 1600M, 
Quadro FX 1700, 
Quadro FX 1700M, 
Quadro FX 1800, 
Quadro FX 1800M, 
Quadro FX 2000, 
Quadro FX 2500M, 
Quadro FX 2700, 
Quadro FX 2700M, 
Quadro FX 2800M, 
Quadro FX 3000, 
Quadro FX 3400/4400, 
Quadro FX 3450, 
Quadro FX 3450/4000 SDI, 
Quadro FX 3500, 
Quadro FX 3500M, 
Quadro FX 3600M, 
Quadro FX 3700, 
Quadro FX 3700M, 
Quadro FX 3800, 
Quadro FX 3800M, 
Quadro FX 4000, 
Quadro FX 4500, 
Quadro FX 4500 X2, 
Quadro FX 4600, 
Quadro FX 4700 X2, 
Quadro FX 4800, 
Quadro FX 5500, 
Quadro FX 5600, 
Quadro FX 5800, 
Quadro FX Go1400, 
Quadro GP100, 
Quadro GV100, 
Quadro K420, 
Quadro K500M, 
Quadro K510M, 
Quadro K600, 
Quadro K610M, 
Quadro K620, 
Quadro K620M, 
Quadro K1000M, 
Quadro K1100M, 
Quadro K1200, 
Quadro K2000, 
Quadro K2000D, 
Quadro K2000M, 
Quadro K2100M, 
Quadro K2200, 
Quadro K2200M, 
Quadro K3000M, 
Quadro K3100M, 
Quadro K4000, 
Quadro K4000M, 
Quadro K4100M, 
Quadro K4200, 
Quadro K5000, 
Quadro K5000M, 
Quadro K5100M, 
Quadro K5200, 
Quadro K6000, 
Quadro M500M, 
Quadro M520, 
Quadro M600M, 
Quadro M620, 
Quadro M1000M, 
Quadro M1200, 
Quadro M2000, 
Quadro M2000M, 
Quadro M2200, 
Quadro M3000M, 
Quadro M4000, 
Quadro M4000M, 
Quadro M5000, 
Quadro M5000M, 
Quadro M5500, 
Quadro M6000, 
Quadro M6000 24GB, 
Quadro NVS 55/280 PCI, 
Quadro NVS 110M, 
Quadro NVS 120M, 
Quadro NVS 130M, 
Quadro NVS 135M, 
Quadro NVS 140M, 
Quadro NVS 150M, 
Quadro NVS 160M, 
Quadro NVS 210S, 
Quadro NVS 210S / GeForce 6150LE, 
Quadro NVS 280 PCI, 
Quadro NVS 280 SD, 
Quadro NVS 285, 
Quadro NVS 285 128MB, 
Quadro NVS 290, 
Quadro NVS 295, 
Quadro NVS 320M, 
Quadro NVS 420, 
Quadro NVS 440, 
Quadro NVS 450, 
Quadro NVS 510M, 
Quadro P400, 
Quadro P500, 
Quadro P520, 
Quadro P600, 
Quadro P620, 
Quadro P1000, 
Quadro P2000, 
Quadro P2000 with Max-Q Design, 
Quadro P2200, 
Quadro P3000, 
Quadro P3200, 
Quadro P3200 with Max-Q Design, 
Quadro P4000, 
Quadro P4000 with Max-Q Design, 
Quadro P4200, 
Quadro P4200 with Max-Q Design, 
Quadro P5000, 
Quadro P5200, 
Quadro P5200 with Max-Q Design, 
Quadro P6000, 
Quadro RTX 3000, 
Quadro RTX 3000 with Max-Q Design, 
Quadro RTX 4000, 
Quadro RTX 4000 (Mobile), 
Quadro RTX 4000 with Max-Q Design, 
Quadro RTX 5000, 
Quadro RTX 5000 (Mobile), 
Quadro RTX 5000 with Max-Q Design, 
Quadro RTX 6000, 
Quadro RTX 8000, 
Quadro T1000, 
Quadro T2000, 
Qualcomm Adreno 8cx Gen 3, 
Qualcomm Adreno 540 GPU, 
Qualcomm Adreno 618 GPU, 
Qualcomm Adreno 630 GPU, 
Qualcomm Adreno 680 GPU, 
Qualcomm Adreno 690 GPU, 
QXL KMDOD, 
Radeon 520, 
Radeon 530, 
Radeon 535, 
Radeon 535DX, 
Radeon 540, 
Radeon 540X, 
Radeon 550, 
Radeon 550X, 
Radeon 620, 
Radeon 625, 
Radeon 630, 
Radeon 2100, 
Radeon 3000, 
Radeon 3100, 
Radeon 6600M, 
Radeon 6750M, 
Radeon 7000 / Radeon VE, 
RADEON 7000 / RADEON VE Family, 
RADEON 7200, 
RADEON 7500, 
RADEON 7500 Family, 
RADEON 8500 Family, 
RADEON 9000, 
RADEON 9000 Family, 
RADEON 9100 Family, 
RADEON 9100 IGP, 
RADEON 9200, 
RADEON 9200 LE Family, 
RADEON 9200 PRO Family, 
RADEON 9200 SE, 
RADEON 9250, 
RADEON 9500, 
RADEON 9500 PRO / 9700, 
RADEON 9550, 
Radeon 9550 / X1050, 
RADEON 9600 Family, 
RADEON 9600 PRO, 
RADEON 9600 PRO Family, 
RADEON 9600 TX Family, 
RADEON 9600 XT, 
RADEON 9600SE, 
RADEON 9700 PRO, 
RADEON 9800, 
RADEON 9800 PRO, 
RADEON 9800 SE, 
RADEON 9800 XT, 
RADEON A9800XT, 
RADEON E2400, 
RADEON E4690, 
Radeon E6460, 
Radeon E6465, 
Radeon E6760, 
Radeon E8860, 
Radeon E8870PCIe, 
Radeon HD4650, 
Radeon HD4670, 
RADEON HD6370D, 
RADEON HD6410D, 
RADEON HD6530D, 
RADEON HD7450, 
Radeon HD8530M, 
Radeon HD8970M, 
Radeon HD 2350, 
Radeon HD 2400, 
Radeon HD 2400 PCI, 
Radeon HD 2400 Pro, 
Radeon HD 2400 XT, 
Radeon HD 2600 PRO, 
Radeon HD 2600 Pro AGP, 
Radeon HD 2600 XT, 
Radeon HD 2900 GT, 
Radeon HD 2900 PRO, 
Radeon HD 2900 XT, 
Radeon HD 3000, 
Radeon HD 3200, 
Radeon HD 3300, 
Radeon HD 3450, 
Radeon HD 3470, 
Radeon HD 3650 AGP, 
Radeon HD 3670, 
Radeon HD 3850, 
Radeon HD 3850 AGP, 
Radeon HD 3850 X2, 
Radeon HD 3870, 
Radeon HD 3870 X2, 
Radeon HD 4200, 
Radeon HD 4250, 
Radeon HD 4270, 
Radeon HD 4290, 
Radeon HD 4300/4500 Serisi, 
Radeon HD 4330, 
Radeon HD 4350, 
Radeon HD 4550, 
Radeon HD 4650, 
Radeon HD 4650 AGP, 
Radeon HD 4670, 
Radeon HD 4770, 
Radeon HD 4810, 
Radeon HD 4830, 
Radeon HD 4850, 
Radeon HD 4850 X2, 
Radeon HD 4870, 
Radeon HD 4870 X2, 
Radeon HD 4890, 
Radeon HD 5450, 
Radeon HD 5470, 
Radeon HD 5550, 
Radeon HD 5570, 
Radeon HD 5600/5700, 
Radeon HD 5670, 
Radeon HD 5750, 
Radeon HD 5770, 
Radeon HD 5830, 
Radeon HD 5850, 
Radeon HD 5870, 
Radeon HD 5970, 
Radeon HD 6230, 
Radeon HD 6250, 
Radeon HD 6290, 
Radeon HD 6290M, 
Radeon HD 6300M, 
Radeon HD 6310, 
Radeon HD 6320, 
Radeon HD 6320 Graphic, 
Radeon HD 6320M, 
RADEON HD 6350, 
Radeon HD 6370D, 
Radeon HD 6370M, 
Radeon HD 6380G, 
Radeon HD 6410D, 
Radeon HD 6430M, 
Radeon HD 6450, 
Radeon HD 6450 + 8470D Dual, 
Radeon HD 6450A, 
Radeon HD 6470M, 
Radeon HD 6480G, 
Radeon HD 6480M, 
Radeon HD 6490M, 
Radeon HD 6520G, 
Radeon HD 6530D, 
Radeon HD 6550A, 
Radeon HD 6550D, 
Radeon HD 6570, 
Radeon HD 6610M, 
Radeon HD 6620G, 
Radeon HD 6630M, 
Radeon HD 6650A, 
Radeon HD 6650M, 
Radeon HD 6670, 
Radeon HD 6670 + 6670 Dual, 
Radeon HD 6670 + 7660D Dual, 
Radeon HD 6670/7670, 
Radeon HD 6700M, 
Radeon HD 6750, 
Radeon HD 6750M, 
Radeon HD 6770, 
Radeon HD 6770M, 
Radeon HD 6790, 
Radeon HD 6800M, 
Radeon HD 6850, 
Radeon HD 6850 X2, 
Radeon HD 6870, 
Radeon HD 6900M, 
Radeon HD 6950, 
Radeon HD 6970, 
Radeon HD 6970M, 
Radeon HD 6990, 
Radeon HD 7290, 
Radeon HD 7290M, 
Radeon HD 7310, 
Radeon HD 7310 - Carte graphique, 
Radeon HD 7310G, 
Radeon HD 7310M, 
Radeon HD 7340, 
Radeon HD 7340G, 
Radeon HD 7340M, 
Radeon HD 7350, 
Radeon HD 7400G, 
Radeon HD 7420G, 
Radeon HD 7450, 
Radeon HD 7450A, 
Radeon HD 7450M, 
Radeon HD 7470, 
Radeon HD 7470M, 
Radeon HD 7480D, 
Radeon HD 7500G, 
Radeon HD 7500G + 7500M/7600M Dual, 
Radeon HD 7500G + 7550M Dual, 
Radeon HD 7500G + HD 7500M/7600M Dual, 
Radeon HD 7520G, 
Radeon HD 7520G + 7400M Dual, 
Radeon HD 7520G + 7470M Dual, 
Radeon HD 7520G + 7500/7600 Dual, 
Radeon HD 7520G + 7600M Dual, 
Radeon HD 7520G + 7610M Dual, 
Radeon HD 7520G + 7650M Dual, 
Radeon HD 7520G + 7670M Dual, 
Radeon HD 7520G + 7700M Dual, 
Radeon HD 7520G + 8600/8700M Dual, 
Radeon HD 7520G + 8750M Dual, 
Radeon HD 7520G + HD 7400M Dual, 
Radeon HD 7520G + HD 7500/7600 Dual, 
Radeon HD 7520G + HD 7600M Dual, 
Radeon HD 7520G + HD 7670M Dual, 
Radeon HD 7520G + HD 7700M Dual, 
Radeon HD 7520G + HD 8600/8700M Dual, 
Radeon HD 7520G + HD 8750M Dual, 
Radeon HD 7520G N HD 7520G + HD 7500/7600 7500/760, 
Radeon HD 7520G N HD 7520G + HD 7600M N HD 7600M D, 
Radeon HD 7540D, 
Radeon HD 7540D + 6570 Dual, 
Radeon HD 7540D + 7500 Dual, 
Radeon HD 7540D + HD 6450 Dual, 
Radeon HD 7550M, 
Radeon HD 7550M/7650M, 
Radeon HD 7560D, 
Radeon HD 7560D + 6450 Dual, 
Radeon HD 7560D + 6570 Dual, 
Radeon HD 7560D + 6670 Dual, 
Radeon HD 7560D + 7560D Dual, 
Radeon HD 7560D + 7570 Dual, 
Radeon HD 7560D + 7670 Dual, 
Radeon HD 7560D + 7700 Dual, 
Radeon HD 7560D + HD 6570 Dual, 
Radeon HD 7560D + HD 6670 Dual, 
Radeon HD 7560D + HD 7000 Dual, 
Radeon HD 7560D + HD 7600 Dual, 
Radeon HD 7560D + HD 7670 Dual, 
Radeon HD 7560D + HD 7700 Dual, 
Radeon HD 7560D + HD 8570 Dual, 
Radeon HD 7560D + R5 235 Dual, 
Radeon HD 7570, 
Radeon HD 7570M, 
Radeon HD 7570M/HD 7670M, 
Radeon HD 7580D, 
Radeon HD 7600G, 
Radeon HD 7600G + 6400M Dual, 
Radeon HD 7600G + 7450M Dual, 
Radeon HD 7600G + 7500M/7600M Dual, 
Radeon HD 7600G + 7550M Dual, 
Radeon HD 7600G + 8500M/8700M Dual, 
Radeon HD 7600G + HD 7400M Dual, 
Radeon HD 7600G + HD 7500M/7600M Dual, 
Radeon HD 7600G + HD 7550M Dual, 
Radeon HD 7600G + HD 8670M Dual, 
Radeon HD 7600G + HD Dual, 
Radeon HD 7600G N HD 7600G + HD ON HD Dual, 
Radeon HD 7600M + 7600M Dual, 
Radeon HD 7610M, 
Radeon HD 7620G, 
Radeon HD 7620G + 8600M Dual, 
Radeon HD 7620G + 8670M Dual, 
Radeon HD 7620G + HD 8600M Dual, 
Radeon HD 7620G + HD 8670M Dual, 
Radeon HD 7620G N HD 7620G + HD 8600M N HD 8600M D, 
Radeon HD 7640G, 
Radeon HD 7640G + 6400M Dual, 
Radeon HD 7640G + 7400M Dual, 
Radeon HD 7640G + 7450M Dual, 
Radeon HD 7640G + 7470M Dual, 
Radeon HD 7640G + 7500/7600 Dual, 
Radeon HD 7640G + 7500M/7600M Dual, 
Radeon HD 7640G + 7600M Dual, 
Radeon HD 7640G + 7610M Dual, 
Radeon HD 7640G + 7650M Dual, 
Radeon HD 7640G + 7670M Dual, 
Radeon HD 7640G + 7690M Dual, 
Radeon HD 7640G + 7700M Dual, 
Radeon HD 7640G + 8500M Dual, 
Radeon HD 7640G + 8570M Dual, 
Radeon HD 7640G + 8600/8700M Dual, 
Radeon HD 7640G + 8600M Dual, 
Radeon HD 7640G + 8670M Dual, 
Radeon HD 7640G + 8750M Dual, 
Radeon HD 7640G + HD 7400M Dual, 
Radeon HD 7640G + HD 7500/7600 Dual, 
Radeon HD 7640G + HD 7600M Dual, 
Radeon HD 7640G + HD 7600M N HD 7600M Dual, 
Radeon HD 7640G + HD 7670M Dual, 
Radeon HD 7640G + HD 7700M Dual, 
Radeon HD 7640G + HD 7700M N HD 7700M Dual, 
Radeon HD 7640G + HD 8500M Dual, 
Radeon HD 7640G + HD 8500M N HD 8500M Dual, 
Radeon HD 7640G + HD 8570M Dual, 
Radeon HD 7640G + HD 8600/8700M Dual, 
Radeon HD 7640G + HD 8670M Dual, 
Radeon HD 7640G + HD 8750M Dual, 
Radeon HD 7640G + R5 M200 Dual, 
Radeon HD 7640G + R5 M230 Dual, 
Radeon HD 7640G N HD 7640G + HD 7600M N HD 7600M D, 
Radeon HD 7640G N HD 7640G + HD 7670M Dual, 
Radeon HD 7640G N HD 7640G + HD 8570M Dual, 
Radeon HD 7650A, 
Radeon HD 7650M, 
Radeon HD 7660D, 
Radeon HD 7660D + 6570 Dual, 
Radeon HD 7660D + 6670 Dual, 
Radeon HD 7660D + 7470 Dual, 
Radeon HD 7660D + 7500 Dual, 
Radeon HD 7660D + 7540D Dual, 
Radeon HD 7660D + 7670 Dual, 
Radeon HD 7660D + HD 6670 Dual, 
Radeon HD 7660D + HD 7000 Dual, 
Radeon HD 7660D + HD 7400 Dual, 
Radeon HD 7660D + HD 7700 Dual, 
Radeon HD 7660D + R5 235 Dual, 
Radeon HD 7660D + R7 240 Dual, 
Radeon HD 7660G, 
Radeon HD 7660G + 7400M Dual, 
Radeon HD 7660G + 7470M Dual, 
Radeon HD 7660G + 7600M Dual, 
Radeon HD 7660G + 7610M Dual, 
Radeon HD 7660G + 7670M Dual, 
Radeon HD 7660G + 7700M Dual, 
Radeon HD 7660G + 7730M Dual, 
Radeon HD 7660G + 8600M Dual, 
Radeon HD 7660G + 8670M Dual, 
Radeon HD 7660G + HD 7500/7600 7500/7600 Dual, 
Radeon HD 7660G + HD 7500/7600 Dual, 
Radeon HD 7660G + HD 7500M/7600M Dual, 
Radeon HD 7660G + HD 7600M Dual, 
Radeon HD 7660G + HD 7600M N HD 7600M Dual, 
Radeon HD 7660G + HD 7670M Dual, 
Radeon HD 7660G + HD 7700M Dual, 
Radeon HD 7660G + HD 7730M Dual, 
Radeon HD 7660G + HD 8500M Dual, 
Radeon HD 7660G + HD 8600/8700M Dual, 
Radeon HD 7660G + HD 8600M Dual, 
Radeon HD 7660G + HD 8670M Dual, 
Radeon HD 7660G N HD 7660G + HD 7600M N HD 7600M D, 
Radeon HD 7660G N HD 7660G + HD 7670M Dual, 
Radeon HD 7660G N HD 7660G + HD 7700M N HD 7700M D, 
Radeon HD 7670, 
Radeon HD 7670A, 
Radeon HD 7670M, 
Radeon HD 7670M + 7670M Dual, 
Radeon HD 7690M, 
Radeon HD 7690M XT, 
Radeon HD 7700-serie, 
Radeon HD 7730, 
Radeon HD 7730M, 
Radeon HD 7750, 
Radeon HD 7750M, 
Radeon HD 7770, 
Radeon HD 7790, 
Radeon HD 7800-serie, 
Radeon HD 7850, 
Radeon HD 7850M, 
Radeon HD 7870, 
Radeon HD 7870 XT, 
Radeon HD 7870M, 
Radeon HD 7950 / R9 280, 
Radeon HD 7970 / R9 280X, 
Radeon HD 7970M, 
Radeon HD 7990, 
Radeon HD 8180, 
Radeon HD 8210, 
Radeon HD 8210E, 
Radeon HD 8240, 
Radeon HD 8250, 
Radeon HD 8280, 
Radeon HD 8280E, 
Radeon HD 8280G, 
Radeon HD 8310E, 
Radeon HD 8330, 
Radeon HD 8330E, 
Radeon HD 8350, 
Radeon HD 8350G, 
Radeon HD 8370D, 
Radeon HD 8400, 
Radeon HD 8400E, 
Radeon HD 8410G, 
Radeon HD 8450G, 
Radeon HD 8450G + 8600/8700M Dual, 
Radeon HD 8450G + 8600M Dual, 
Radeon HD 8450G + 8670M Dual, 
Radeon HD 8450G + 8750M Dual, 
Radeon HD 8450G + HD 8600M Dual, 
Radeon HD 8450G + HD 8670M Dual, 
Radeon HD 8450G + HD 8750M Dual, 
Radeon HD 8450G + R5 M230 Dual, 
Radeon HD 8470, 
Radeon HD 8470D, 
Radeon HD 8470D + 6450 Dual, 
Radeon HD 8470D + 6570 Dual, 
Radeon HD 8470D + HD 6450 Dual, 
Radeon HD 8470D + HD 6670 Dual, 
Radeon HD 8470D + HD 7500 Dual, 
Radeon HD 8490, 
Radeon HD 8500M, 
Radeon HD 8500M/8700M, 
Radeon HD 8510G, 
Radeon HD 8510G + 8500M Dual, 
Radeon HD 8510G + HD 8500M Dual, 
Radeon HD 8550D, 
Radeon HD 8550G, 
Radeon HD 8550G + 7600M Dual, 
Radeon HD 8550G + 8500M Dual, 
Radeon HD 8550G + 8570M Dual, 
Radeon HD 8550G + 8600/8700M Dual, 
Radeon HD 8550G + 8600M Dual, 
Radeon HD 8550G + 8670M Dual, 
Radeon HD 8550G + 8690M Dual, 
Radeon HD 8550G + 8750M Dual, 
Radeon HD 8550G + HD 7600M Dual, 
Radeon HD 8550G + HD 8500M Dual, 
Radeon HD 8550G + HD 8570M Dual, 
Radeon HD 8550G + HD 8600/8700M Dual, 
Radeon HD 8550G + HD 8600M Dual, 
Radeon HD 8550G + HD 8670M Dual, 
Radeon HD 8550G + HD 8750M Dual, 
Radeon HD 8550G + R5 M200 Dual, 
Radeon HD 8550G + R5 M230 Dual, 
Radeon HD 8550G N HD 8550G + HD 8600M N HD 8600M D, 
Radeon HD 8570, 
Radeon HD 8570 + 8670D Dual, 
Radeon HD 8570 + HD 7660D Dual, 
Radeon HD 8570D, 
Radeon HD 8570D + 6570 Dual, 
Radeon HD 8570D + 6670 Dual, 
Radeon HD 8570D + HD8490 Dual, 
Radeon HD 8570D + HD 6570 Dual, 
Radeon HD 8570D + HD 6670 Dual, 
Radeon HD 8570D + HD 7000 Dual, 
Radeon HD 8570D + HD 7700 Dual, 
Radeon HD 8570D + HD 8470 Dual, 
Radeon HD 8570D + HD 8570 Dual, 
Radeon HD 8570D + R5 235 Dual, 
Radeon HD 8570D + R7 200 Dual, 
Radeon HD 8570D + R7 240 Dual, 
Radeon HD 8570M, 
Radeon HD 8600/8700M, 
Radeon HD 8610G, 
Radeon HD 8610G + 8500M Dual, 
Radeon HD 8610G + 8600M Dual, 
Radeon HD 8610G + 8670M Dual, 
Radeon HD 8610G + HD 8500M Dual, 
Radeon HD 8610G + HD 8600M Dual, 
Radeon HD 8610G + HD 8670M Dual, 
Radeon HD 8610G + R5 M200 Dual, 
Radeon HD 8650D, 
Radeon HD 8650G, 
Radeon HD 8650G + 7600M Dual, 
Radeon HD 8650G + 7670M Dual, 
Radeon HD 8650G + 7700M Dual, 
Radeon HD 8650G + 8500M Dual, 
Radeon HD 8650G + 8570M Dual, 
Radeon HD 8650G + 8600/8700M Dual, 
Radeon HD 8650G + 8600M Dual, 
Radeon HD 8650G + 8670M Dual, 
Radeon HD 8650G + 8750M Dual, 
Radeon HD 8650G + HD 7600M Dual, 
Radeon HD 8650G + HD 7670M Dual, 
Radeon HD 8650G + HD 8570M Dual, 
Radeon HD 8650G + HD 8600/8700M Dual, 
Radeon HD 8650G + HD 8600M Dual, 
Radeon HD 8650G + HD 8600M N HD 8600M Dual, 
Radeon HD 8650G + HD 8670M Dual, 
Radeon HD 8650G + HD 8750M Dual, 
Radeon HD 8650G + HD 8790M Dual, 
Radeon HD 8650G + R5 M200 Dual, 
Radeon HD 8650G + R5 M230 Dual, 
Radeon HD 8650G N HD 8650G + HD 8570M Dual, 
Radeon HD 8650G N HD 8650G + HD 8600/8700M Dual, 
Radeon HD 8650G N HD 8650G + HD 8600M N HD 8600M D, 
Radeon HD 8670D, 
Radeon HD 8670D + 6670 Dual, 
Radeon HD 8670D + 7000 Dual, 
Radeon HD 8670D + 7700 Dual, 
Radeon HD 8670D + 8570 Dual, 
Radeon HD 8670D + HD 6670 Dual, 
Radeon HD 8670D + HD 7000 Dual, 
Radeon HD 8670D + HD 7600 Dual, 
Radeon HD 8670D + HD 7700 Dual, 
Radeon HD 8670D + R5 235 Dual, 
Radeon HD 8670D + R5 330 Dual, 
Radeon HD 8670D + R7 200 Dual, 
Radeon HD 8670D + R7 240 Dual, 
Radeon HD 8670D N HD 8670D + HD 8670D Dual, 
Radeon HD 8670M, 
Radeon HD 8690A, 
Radeon HD 8690M, 
Radeon HD 8730M, 
Radeon HD 8750M, 
Radeon HD 8790M, 
Radeon HD 8790M / R9 M290X, 
Radeon HD 8850M, 
Radeon HD 8850M / R9 M265X, 
Radeon HD 8870M, 
Radeon HD 8870M / R9 M270X / M370X, 
Radeon HD 8950, 
Radeon HD 8970M, 
Radeon HD 8990, 
Radeon HD HD7850M, 
Radeon HDG 4670, 
RADEON IGP 34xM, 
RADEON IGP 320, 
Radeon IGP 320M, 
Radeon IGP 340M, 
RADEON IGP 345M, 
RADEON IGP 350M, 
Radeon Infoshock 3000, 
Radeon Instinct MI25 MxGPU, 
Radeon M535DX, 
Radeon Pro, 
Radeon Pro 450, 
Radeon Pro 455, 
Radeon Pro 460, 
Radeon Pro 465, 
Radeon Pro 555, 
Radeon Pro 560, 
Radeon Pro 560X, 
Radeon Pro 570, 
Radeon Pro 580, 
Radeon Pro 580X, 
Radeon Pro 5300, 
Radeon Pro 5300M, 
Radeon Pro 5500 XT, 
Radeon Pro 5500M, 
Radeon Pro 5600M, 
Radeon Pro 5700, 
Radeon Pro 5700 XT, 
Radeon Pro Duo, 
Radeon Pro Ryzen 7 PRO 5850U, 
Radeon Pro SSG, 
Radeon Pro V340 MxGPU, 
Radeon Pro V520 MxGPU, 
Radeon Pro Vega 16, 
Radeon Pro Vega 20, 
Radeon Pro Vega 48, 
Radeon Pro Vega 56, 
Radeon Pro Vega 64, 
Radeon Pro Vega 64X, 
Radeon Pro Vega II, 
Radeon Pro VII, 
Radeon Pro W5500, 
Radeon Pro W5500M, 
Radeon Pro W5700, 
Radeon PRO W6400, 
Radeon PRO W6600, 
Radeon PRO W6800, 
Radeon Pro WX 2100, 
Radeon Pro WX 3100, 
Radeon Pro WX 3200, 
Radeon Pro WX 4100, 
Radeon Pro WX 4130, 
Radeon Pro WX 4150, 
Radeon Pro WX 4170, 
Radeon Pro WX 5100, 
Radeon Pro WX 7100, 
Radeon Pro WX 7130, 
Radeon Pro WX 8200, 
Radeon Pro WX 9100, 
Radeon Pro WX Vega M GL, 
Radeon R1E, 
Radeon R2, 
Radeon R2E, 
Radeon R3, 
Radeon R3E, 
Radeon R4, 
Radeon R4E, 
Radeon R5 220, 
Radeon R5 230, 
Radeon R5 235, 
Radeon R5 235 + HD 7560D Dual, 
Radeon R5 235 + HD 8570D Dual, 
Radeon R5 235X, 
Radeon R5 240, 
Radeon R5 310, 
Radeon R5 330, 
Radeon R5 340, 
Radeon R5 420, 
Radeon R5 430, 
Radeon R5 435, 
Radeon R5 A6-7480, 
Radeon R5 A6-8500P, 
Radeon R5 A6-9400 RADEON R5, 6 COMPUTE CORES 2C+4G, 
Radeon R5 A6-9500 2C+6G, 
Radeon R5 A6-9500E 2C+4G, 
Radeon R5 A10-9600P 4C+6G, 
Radeon R5 A10-9620P 4C+6G, 
Radeon R5 A10-9630P 4C+6G, 
Radeon R5 A240, 
Radeon R5 M230, 
Radeon R5 M240, 
Radeon R5 M255, 
Radeon R5 M315, 
Radeon R5 M320, 
Radeon R5 M330, 
Radeon R5 M335, 
Radeon R5 M420, 
Radeon R5 M430, 
Radeon R5 M435, 
Radeon R5 Opteron X3216, 
Radeon R5 PRO A6-8500B 2C+4G, 
Radeon R5 PRO A6-8530B 2C+4G, 
Radeon R5 PRO A6-8570 2C+6G, 
Radeon R5 PRO A6-8570E 2C+4G, 
Radeon R5 PRO A6-9500 2C+6G, 
Radeon R5 PRO A6-9500B 2C+4G, 
Radeon R5 PRO A6-9500E 2C+4G, 
Radeon R5 PRO A8-9600B 4C+6G, 
Radeon R5 PRO A10-8730B 4C+6G, 
Radeon R5E, 
Radeon R6, 
Radeon R6 + R7 M265DX Dual, 
Radeon R6 A8-8600P, 
Radeon R6 A10-8700P, 
Radeon R6 A10-9600P 4C+6G, 
Radeon R6 M255DX, 
Radeon R6 Opteron X3418, 
Radeon R6 PRO A8-8600B 4C+6G, 
Radeon R6 PRO A10-8700B 4C+6G, 
Radeon R7 240, 
Radeon R7 240 + HD 8570D Dual, 
Radeon R7 240 + HD 8670D Dual, 
Radeon R7 250, 
Radeon R7 250X, 
Radeon R7 260, 
Radeon R7 260X, 
Radeon R7 340, 
Radeon R7 360, 
Radeon R7 370, 
Radeon R7 430, 
Radeon R7 450, 
Radeon R7 7850A10-7850K, 
Radeon R7 +8G, 
Radeon R7 + HD 7700 Dual, 
Radeon R7 + R5 330 Dual, 
Radeon R7 + R5 340 Dual, 
Radeon R7 + R5 435 Dual A10-9700 RADEON, 
Radeon R7 + R5 Dual, 
Radeon R7 + R7 200 Dual, 
Radeon R7 + R7 240 Dual, 
Radeon R7 + R7 250 Dual, 
Radeon R7 + R7 350 Dual, 
Radeon R7 A8 PRO-7600B, 
Radeon R7 A8-7500, 
Radeon R7 A8-7500 4C+6G, 
Radeon R7 A8-7600, 
Radeon R7 A8-7650K, 
Radeon R7 A8-7670K, 
Radeon R7 A8-7680, 
Radeon R7 A8-8650, 
Radeon R7 A8-9600 RADEON, 
Radeon R7 A10 Extreme Edition, 
Radeon R7 A10 PRO-7800B, 
Radeon R7 A10 PRO-7850B, 
Radeon R7 A10-7700K, 
Radeon R7 A10-7800, 
Radeon R7 A10-7850K, 
Radeon R7 A10-7860K, 
Radeon R7 A10-7870K, 
Radeon R7 A10-7890K, 
Radeon R7 A10-8750, 
Radeon R7 A10-8850, 
Radeon R7 A10-9700 RADEON, 
Radeon R7 A10-9700E RADEON, 
Radeon R7 A12-9700P RADEON, 
Radeon R7 A12-9720P RADEON, 
Radeon R7 A12-9730P RADEON, 
Radeon R7 A12-9800 RADEON, 
Radeon R7 A12-9800E RADEON, 
Radeon R7 A265, 
Radeon R7 A360, 
Radeon R7 A365, 
Radeon R7 A370, 
Radeon R7 FX-8800P, 
Radeon R7 FX-9800P RADEON, 
Radeon R7 FX-9830P RADEON, 
Radeon R7 G, 
Radeon R7 M260, 
Radeon R7 M260DX, 
Radeon R7 M260X, 
Radeon R7 M265, 
Radeon R7 M265DX, 
Radeon R7 M270, 
Radeon R7 M270DX, 
Radeon R7 M340, 
Radeon R7 M350, 
Radeon R7 M360, 
Radeon R7 M365X, 
Radeon R7 M370, 
Radeon R7 M380, 
Radeon R7 M440, 
Radeon R7 M445, 
Radeon R7 M460, 
Radeon R7 M465, 
Radeon R7 M465X, 
Radeon R7 Opteron X3421, 
Radeon R7 PRO A6-9500 2C+6G, 
Radeon R7 PRO A8-8650B, 
Radeon R7 PRO A8-8670E, 
Radeon R7 PRO A8-9600, 
Radeon R7 PRO A10-8750B, 
Radeon R7 PRO A10-8770, 
Radeon R7 PRO A10-8770E, 
Radeon R7 PRO A10-8850B, 
Radeon R7 PRO A10-9700, 
Radeon R7 PRO A10-9700B, 
Radeon R7 PRO A10-9700E, 
Radeon R7 PRO A12-8800B, 
Radeon R7 PRO A12-8830B, 
Radeon R7 PRO A12-8870, 
Radeon R7 PRO A12-8870E, 
Radeon R7 PRO A12-9800, 
Radeon R7 PRO A12-9800B, 
Radeon R7 PRO A12-9800E, 
Radeon R7E, 
Radeon R8 M365DX, 
Radeon R8 M445DX, 
Radeon R8 M535DX, 
Radeon R9 255, 
Radeon R9 260, 
Radeon R9 270, 
Radeon R9 270 / R7 370, 
Radeon R9 270X, 
Radeon R9 280, 
Radeon R9 280X, 
Radeon R9 285, 
Radeon R9 285 / 380, 
Radeon R9 290, 
Radeon R9 290 / 390, 
Radeon R9 290X, 
Radeon R9 290X / 390X, 
Radeon R9 295X2, 
Radeon R9 350, 
Radeon R9 360, 
Radeon R9 370, 
Radeon R9 380, 
Radeon R9 380X, 
Radeon R9 390, 
Radeon R9 390X, 
Radeon R9 A375, 
Radeon R9 Fury, 
Radeon R9 Fury + Fury X, 
Radeon R9 Fury X, 
Radeon R9 M265X, 
Radeon R9 M270X, 
Radeon R9 M275, 
Radeon R9 M275X, 
Radeon R9 M275X / M375, 
Radeon R9 M280X, 
Radeon R9 M290X, 
Radeon R9 M295X, 
Radeon R9 M360, 
Radeon R9 M365X, 
Radeon R9 M370X, 
Radeon R9 M375, 
Radeon R9 M375X, 
Radeon R9 M380, 
Radeon R9 M385, 
Radeon R9 M385X, 
Radeon R9 M390X, 
Radeon R9 M395, 
Radeon R9 M395X, 
Radeon R9 M470, 
Radeon R9 M470X, 
Radeon R9 M485X, 
Radeon RX590 GME, 
Radeon RX 460, 
Radeon RX 470/570, 
Radeon RX 480, 
Radeon RX 540, 
Radeon RX 550, 
Radeon RX 550X, 
Radeon RX 560, 
Radeon RX 560X, 
Radeon RX 570X, 
Radeon RX 580, 
Radeon RX 580 2048SP, 
Radeon RX 580X, 
Radeon RX 590, 
Radeon RX 640, 
Radeon RX 5300, 
Radeon RX 5300M, 
Radeon RX 5500, 
Radeon RX 5500 XT, 
Radeon RX 5500M, 
Radeon RX 5600, 
Radeon RX 5600 XT, 
Radeon RX 5600M, 
Radeon RX 5700, 
Radeon RX 5700 XT, 
Radeon RX 5700 XT 50th Anniversary, 
Radeon RX 6400, 
Radeon RX 6500 XT, 
Radeon RX 6600, 
Radeon RX 6600 XT, 
Radeon RX 6600M, 
Radeon RX 6650 XT, 
Radeon RX 6700 XT, 
Radeon RX 6700M, 
Radeon RX 6700S, 
Radeon RX 6750 XT, 
Radeon RX 6800, 
Radeon RX 6800 XT, 
Radeon RX 6800M, 
Radeon RX 6800S, 
Radeon RX 6900 XT, 
Radeon RX 6950 XT, 
Radeon RX Vega11, 
Radeon RX Vega 8, 
Radeon RX Vega 10, 
Radeon RX Vega 11, 
Radeon RX Vega 11 PRD, 
Radeon RX Vega 11 Processor, 
Radeon RX Vega 56, 
Radeon RX Vega 64, 
Radeon RX Vega M GH, 
Radeon RX Vega M GL, 
Radeon Ryzen 3 4300G, 
Radeon Ryzen 3 4300GE, 
Radeon Ryzen 3 4300U, 
Radeon Ryzen 3 5300G, 
Radeon Ryzen 3 5400U, 
Radeon Ryzen 3 PRO 4200GE, 
Radeon Ryzen 3 PRO 4350G, 
Radeon Ryzen 3 PRO 4350GE, 
Radeon Ryzen 3 PRO 4450U, 
Radeon Ryzen 3 PRO 5350G, 
Radeon Ryzen 3 PRO 5450U, 
Radeon Ryzen 5 4500U, 
Radeon Ryzen 5 4600G, 
Radeon Ryzen 5 4600GE, 
Radeon Ryzen 5 4600H, 
Radeon Ryzen 5 4600HS, 
Radeon Ryzen 5 4600U, 
Radeon Ryzen 5 5600G, 
Radeon Ryzen 5 5600H, 
Radeon Ryzen 5 5600U, 
Radeon Ryzen 5 Microsoft Surface Edition, 
Radeon Ryzen 5 PRO 4650G, 
Radeon Ryzen 5 PRO 4650GE, 
Radeon Ryzen 5 PRO 4650U, 
Radeon Ryzen 5 PRO 5650G, 
Radeon Ryzen 5 PRO 5650GE, 
Radeon Ryzen 5 PRO 5650U, 
Radeon Ryzen 7 4700G, 
Radeon Ryzen 7 4700GE, 
Radeon Ryzen 7 4700U, 
Radeon Ryzen 7 4800H, 
Radeon Ryzen 7 4800HS, 
Radeon Ryzen 7 4800U, 
Radeon Ryzen 7 4850U Mobile, 
Radeon Ryzen 7 5700G, 
Radeon Ryzen 7 5800H, 
Radeon Ryzen 7 5800U, 
Radeon Ryzen 7 Microsoft Surface Edition, 
Radeon Ryzen 7 PRO 4750G, 
Radeon Ryzen 7 PRO 4750GE, 
Radeon Ryzen 7 PRO 4750U, 
Radeon Ryzen 7 PRO 5750G, 
Radeon Ryzen 7 PRO 5750GE, 
Radeon Ryzen 7 PRO 5850U, 
Radeon Ryzen 9 4900H, 
Radeon Ryzen 9 4900HS, 
Radeon Ryzen 9 4900HSS, 
Radeon Ryzen 9 5900H, 
Radeon Ryzen 9 5900HS, 
Radeon Ryzen 9 5900HX, 
Radeon Ryzen Embedded V2516, 
Radeon Ryzen Embedded V2718, 
Radeon Ryzen Embedded V2748, 
Radeon Sky 500, 
Radeon TM R9 A360, 
Radeon VE, 
Radeon Vega 2, 
Radeon Vega 3, 
Radeon Vega 3 Mobile, 
Radeon Vega 6, 
Radeon Vega 8, 
Radeon Vega 8 Mobile, 
Radeon Vega 9, 
Radeon Vega 10, 
Radeon Vega 10 Mobile, 
Radeon Vega 11, 
Radeon Vega Frontier Edition, 
Radeon VII, 
RADEON X300SE, 
RADEON X550, 
RADEON X550XT, 
Radeon X550XTX, 
RADEON X600 256MB HyperMemory, 
RADEON X600XT, 
RADEON X700, 
RADEON X700 PRO, 
RADEON X700 SE, 
RADEON X800 GT, 
RADEON X800 GTO, 
RADEON X800 PRO, 
RADEON X800 PRO/GTO, 
RADEON X800 SE, 
RADEON X800 XL, 
RADEON X800 XT, 
RADEON X800 XT Platinum Edition, 
RADEON X800GT, 
RADEON X850 PRO, 
RADEON X850 XT, 
RADEON X850 XT Platinum Edition, 
Radeon X1050, 
Radeon X1200, 
Radeon X1250, 
Radeon X1270, 
Radeon X1300, 
Radeon X1300 PRO, 
Radeon X1550, 
Radeon X1550 64-bit, 
Radeon X1600, 
Radeon X1600 Pro, 
Radeon X1600 Pro / X1300XT, 
Radeon X1600 XT, 
Radeon X1650 GTO, 
Radeon X1650 Pro, 
Radeon X1650 SE, 
Radeon X1700 Targa Edition, 
Radeon X1800 GTO, 
Radeon X1900 CrossFire Edition, 
Radeon X1900 GT, 
Radeon X1950 CrossFire Edition, 
Radeon X1950 GT, 
Radeon X1950 Pro, 
RADEON XPRESS 200, 
RADEON XPRESS 200 CROSSFIRE, 
RADEON XPRESS 200M, 
Radeon Xpress 1100, 
Radeon Xpress 1150, 
Radeon Xpress 1200, 
Radeon Xpress 1250, 
Radeon Xpress 1270, 
Radeon Xpress 1300, 
Radeon Xpress 1300M, 
Radeon. HD 7730M, 
RadeonT, 
RadeonT 540X, 
RadeonT R5 430, 
RadeonT R7 450, 
RadeonT RX 560X, 
RadeonT RX 640, 
RadeonT RX 5300, 
RadeonT RX 5500M, 
RadeonT RX 6850M, 
RadeonT Vega 3, 
Rage 128 Pro, 
RAGE 128 PRO AGP 4X TMDS, 
Rage Fury Pro/Xpert 2000 Pro, 
Red Hat QXL controller, 
RGH Drivers v3, 
RIVA TNT2 Model 64/Model 64 Pro, 
RIVA TNT2/TNT2 Pro, 
RTX A2000, 
RTX A2000 12GB, 
RTX A2000 Laptop GPU, 
RTX A3000 12GB Laptop GPU, 
RTX A3000 Laptop GPU, 
RTX A4000, 
RTX A4000 Laptop GPU, 
RTX A4500, 
RTX A5000, 
RTX A5000 Laptop GPU, 
RTX A5500, 
RTX A6000, 
RV530 PRO, 
Ryzen 3 4300G with Radeon Graphics, 
Ryzen 3 4300GE with Radeon Graphics, 
Ryzen 3 4300U with Radeon Graphics, 
Ryzen 3 5300G with Radeon Graphics, 
Ryzen 3 5300GE with Radeon Graphics, 
Ryzen 3 5300U with Radeon Graphics, 
Ryzen 3 5400U with Radeon Graphics, 
Ryzen 3 PRO 4200G with Radeon Graphics, 
Ryzen 3 PRO 4200GE with Radeon Graphics, 
Ryzen 3 PRO 4300U with Radeon Graphics, 
Ryzen 3 Pro 4350G with Radeon Graphics, 
Ryzen 3 PRO 4350GE with Radeon Graphics, 
Ryzen 3 PRO 4450U with Radeon Graphics, 
Ryzen 3 PRO 5350G with Radeon Graphics, 
Ryzen 3 PRO 5350GE with Radeon Graphics, 
Ryzen 3 PRO 5450U with Radeon Graphics, 
Ryzen 5 2500U with Radeon Vega, 
Ryzen 5 4500U with Radeon Graphics, 
Ryzen 5 4600G with Radeon Graphics, 
Ryzen 5 4600H with Radeon Graphics, 
Ryzen 5 4600U with Radeon Graphics, 
Ryzen 5 5500U with Radeon Graphics, 
Ryzen 5 5600G with Radeon Graphics, 
Ryzen 5 5600GE with Radeon Graphics, 
Ryzen 5 5600H with Radeon Graphics, 
Ryzen 5 5600U with Radeon Graphics, 
Ryzen 5 PRO 4400G with Radeon Graphics, 
Ryzen 5 PRO 4400GE with Radeon Graphics, 
Ryzen 5 PRO 4500U with Radeon Graphics, 
Ryzen 5 Pro 4650G with Radeon Graphics, 
Ryzen 5 PRO 4650GE with Radeon Graphics, 
Ryzen 5 PRO 4650U with Radeon Graphics, 
Ryzen 5 PRO 5650G with Radeon Graphics, 
Ryzen 5 PRO 5650GE with Radeon Graphics, 
Ryzen 5 PRO 5650U with Radeon Graphics, 
Ryzen 7 2700U with Radeon Vega, 
Ryzen 7 4700G with Radeon Graphics, 
Ryzen 7 4700GE with Radeon Graphics, 
Ryzen 7 4700U with Radeon Graphics, 
Ryzen 7 4800H with Radeon Graphics, 
Ryzen 7 4800HS with Radeon Graphics, 
Ryzen 7 4800U with Radeon Graphics, 
Ryzen 7 5700G with Radeon Graphics, 
Ryzen 7 5700GE with Radeon Graphics, 
Ryzen 7 5700U with Radeon Graphics, 
Ryzen 7 5800H with Radeon Graphics, 
Ryzen 7 5800HS with Radeon Graphics, 
Ryzen 7 5800U with Radeon Graphics, 
Ryzen 7 Extreme Edition, 
Ryzen 7 PRO 4700G with Radeon Graphics, 
Ryzen 7 Pro 4750G with Radeon Graphics, 
Ryzen 7 PRO 4750GE with Radeon Graphics, 
Ryzen 7 PRO 4750U with Radeon Graphics, 
Ryzen 7 PRO 5750G with Radeon Graphics, 
Ryzen 7 PRO 5750GE with Radeon Graphics, 
Ryzen 7 PRO 5850U with Radeon Graphics, 
Ryzen 9 4900H with Radeon Graphics, 
Ryzen 9 5900HS with Radeon Graphics, 
Ryzen 9 5900HX with Radeon Graphics, 
Ryzen 9 5980HS with Radeon Graphics, 
S3 5400EW, 
S3 Chrome 430 ULP, 
S3 Chrome S25 DDR2, 
S3 Chrome S27 DDR3, 
S3 Inc. Savage4, 
S3 ProSavageDDR, 
S3 SuperSavage/IXC 1014, 
SAPPHIRE RADEON 9000 ATLANTIS PRO, 
SAPPHIRE RADEON 9600 ATLANTIS, 
Sapphire RADEON X800 GT, 
SAPPHIRE Radeon X1550, 
Seria Mobility Radeon HD 3400, 
Seria Radeon HD 7700, 
SUMO 964A, 
SUMO 9640, 
SUMO 9644, 
T400, 
T400 4GB, 
T500, 
T550 Laptop GPU, 
T600, 
T600 Laptop GPU, 
T1000, 
T1000 8GB, 
T1200 Laptop GPU, 
TENSOR 1.0 Driver Intel HD 630, 
Tesla C2050, 
Tesla C2050 / C2070, 
Tesla C2070, 
Tesla C2075, 
Tesla K20m, 
Tesla K20Xm, 
Tesla K40c, 
Tesla K40m, 
Tesla K80, 
Tesla M6, 
Tesla M10, 
Tesla M40, 
Tesla M40 24GB, 
Tesla M60, 
Tesla M2070-Q, 
Tesla P100-PCIE-16GB, 
Tesla T4, 
Tesla T10, 
TITAN RTX, 
TITAN V, 
TITAN V CEO Edition, 
TITAN Xp, 
TITAN Xp COLLECTORS EDITION, 
TRINITY DEVASTATOR MOBILE, 
TRINITY SCRAPPER MOBILE, 
V9560XT V62.11, 
Vanta/Vanta LT, 
VIA Chrome9 HC3 IGP, 
VIA Chrome9 HC IGP, 
VIA Chrome9 HC IGP Family, 
VIA Chrome9 HC IGP Family WDDM, 
VIA Chrome9 HC IGP Prerelease WDDM 1.1, 
VIA Chrome9 HC IGP WDDM, 
VIA Chrome9 HC IGP WDDM 1.1, 
VIA Chrome9 HCM IGP, 
VIA Chrome9 HD IGP, 
VIA/S3G C-645/640 GPU, 
VIA/S3G Chrome 645/640 GPU, 
VIA/S3G DeltaChrome IGP, 
VIA/S3G KM400/KN400, 
VIA/S3G UniChrome IGP, 
VIA/S3G UniChrome Pro IGP, 
VIA/S3G UniChromeII, 
VisionTek Radeon 7000, 
WinFast A250 LE, 
WinFast GT 610, 
Xabre, 
XFX Radeon HD 4650 AGP, 
XGI Volari Family v1.13.23.D_V, 
ZX Chrome 645/640 GPU, 
zxcvIntel HD 620, 